====================   K is 5 ,  Object Funcion Value is 11043.375988006592 ,  calc_distance_type is 1   ====================
====================   classification 1   ====================
539.6296 127.07996
576.8088 11.416674
979.63916 74.637115
645.86084 136.36708
470.07544 70.358635
646.6547 170.8563
833.2087 25.954128
629.18365 192.5413
794.28937 6.9209933
446.55423 80.783066

centroid is 656.1905 89.691536

====================   classification 2   ====================
75.356964 231.37068
185.0589 47.633408
294.21915 466.3543
163.23196 20.645798
404.68478 308.3608
35.087944 125.07301
125.33724 490.6772
102.33021 241.63318
276.98218 26.230991
3.2282472 418.7252
346.1501 126.84548
282.82684 0.88095665
22.170662 416.74323

centroid is 178.20502 224.7057

====================   classification 3   ====================
516.031 820.1737
691.92584 938.94385
981.88763 712.678
940.0774 843.2882
808.4301 798.94006
632.16785 667.7267
722.8873 809.04675
482.98044 762.55
615.94275 954.6965
773.31647 993.7155
628.20667 795.04
523.81476 898.0686
958.0484 913.2006
802.0018 822.8384
512.48 914.41345
953.7454 632.04016
768.6399 728.58813
717.3145 954.7039
525.79456 817.0391
764.0433 714.10516
613.781 659.6815
500.69885 672.7786
985.3074 905.71094
600.10583 988.85114
605.575 623.031
555.2101 908.86945
619.0425 858.88727
492.9178 600.86615
881.82385 950.03217
843.2486 982.40955
702.5679 777.2918

centroid is 700.6457 820.00653

====================   classification 4   ====================
361.14853 650.053
223.96797 972.90936
38.9508 853.84656
295.71365 836.7645
209.61952 838.8189
461.44885 776.3452
69.36723 784.2702
22.77559 942.7729
424.67688 835.5112
165.24756 932.21906
177.27048 651.5626
290.8975 551.7749
1.7411709 682.3456
60.482502 658.2988
67.07609 962.6682
215.08199 611.16406
28.645634 821.92
284.99667 596.35974
404.26816 978.56335
292.46115 773.6347
430.39047 846.4386

centroid is 215.5347 788.4876

====================   classification 5   ====================
791.934 246.83922
622.0682 339.70303
788.0886 383.1131
574.5495 391.03455
754.23926 453.00662
983.54974 373.3889
702.75397 586.27826
891.72754 314.09412
581.58716 510.2213
707.72687 447.00305
797.1302 331.70743
553.67816 305.7238
620.8397 300.6049
766.2853 342.52335
957.679 315.57864
428.90305 354.82068
853.14844 285.83426
559.118 314.07242
704.05554 570.9854
547.26385 304.54953
747.86804 513.8699
653.12134 383.6623
705.4534 470.43265
886.7215 473.48016
624.59283 421.993

centroid is 712.1633 389.38083

