====================   K is 5 ,  Object Funcion Value is 9186.042091369629 ,  calc_distance_type is 1   ====================
====================   classification 1   ====================
808.06354 439.7803
941.9999 215.37996
744.62775 596.3165
624.69836 315.2218
771.0054 14.459669
744.2453 453.78314
694.5386 223.20729
816.78613 22.034763
866.3339 316.65646
843.0181 435.32382
602.8818 318.53992
966.2405 170.37248
976.6374 628.57404
873.99097 528.95667
906.66833 427.2631
848.4313 460.06494
957.31433 152.69524

centroid is 822.793 336.39

====================   classification 2   ====================
566.7236 47.601223
275.97345 77.37207
456.43442 102.07761
618.30664 220.9931
454.20963 177.72018
701.6905 54.68345
376.89896 144.36835
358.65997 50.85653
164.44737 93.553246
357.45822 250.2926
347.75537 23.277641
507.37906 196.19035
465.35147 256.5778
406.7079 281.29514

centroid is 432.71402 141.20422

====================   classification 3   ====================
451.91998 619.24274
379.45737 612.80066
312.3249 662.3422
317.1842 351.59726
239.2658 489.53635
467.9203 347.09723
323.35626 323.30023
535.53784 451.83527
280.88266 627.2804
485.68576 394.9944
430.3397 403.68332
445.29288 575.1037
514.6593 436.08105

centroid is 398.7559 484.22263

====================   classification 4   ====================
765.70386 863.34674
962.7081 865.2385
230.16483 761.84784
336.87628 754.9771
457.5504 782.96625
648.79175 712.9094
664.51465 679.0486
551.0863 601.98846
646.7324 736.4117
478.10327 665.1631
313.02832 847.0576
654.5082 698.6112
539.1969 899.8229
816.6555 829.3848
584.37274 830.2956
395.7804 847.3707
450.19324 771.664
497.3166 707.46545
336.85254 769.9392
743.3557 847.356
347.2322 939.1563
383.41397 755.4223
555.8192 798.079
322.0216 876.79266
778.91394 932.90094

centroid is 538.4357 791.00867

====================   classification 5   ====================
261.57666 391.89374
56.46795 389.52963
106.40418 438.95615
40.93063 520.42944
32.800674 394.4096
126.53506 211.53944
271.76242 389.82822
48.889877 199.01598
102.99003 440.08517
185.07861 588.91187
226.00615 446.44254
235.77577 371.60498
151.12108 580.8041
105.413315 191.22684
32.30369 424.88605
74.66191 482.90802
49.540283 190.53465
65.111755 706.6112
183.62427 640.50586
112.86712 392.19827
54.261566 580.0774

centroid is 120.196335 427.2571

