MY	7384.497023309028		80.26627199248944		92.0
DA	5523.764390953551		75.6680053555281		73.0
MY	7611.666728653954		76.11666728653954		100.0
DA	5561.581720103105		75.15650973112304		74.0
MY	7067.802579816991		75.18938914698927		94.0
DA	5539.874973018417		72.89309175024233		76.0
MY	7708.791231715089		76.32466566054543		101.0
DA	5585.175480198696		72.53474649608697		77.0
MY	7157.904207478205		75.34636007871795		95.0
DA	5547.643996061407		74.96816210893793		74.0
MY	6968.524227263493		77.42804696959436		90.0
DA	5504.301924078978		74.3824584334997		74.0
MY	7405.389954351121		81.37791158627606		91.0
DA	5525.730008940768		75.6949316293256		73.0
MY	7298.875977080936		74.47832629674424		98.0
DA	5561.545485164373		74.15393980219163		75.0
MY	7681.491063472594		76.81491063472593		100.0
DA	5539.7107976617435		78.0240957417147		71.0
MY	7941.645097033128		76.361972086857		104.0
DA	5493.338110313408		78.47625871876296		70.0
MY	6994.594452101975		76.02820056632581		92.0
DA	5555.590786378855		73.09987876814283		76.0
MY	7113.503623045599		74.09899607339166		96.0
DA	5579.771956091088		74.39695941454784		75.0
MY	6948.991036641185		75.53251126783897		92.0
DA	5559.383090658621		74.12510787544828		75.0
MY	7632.109364166899		75.56543924917722		101.0
DA	5528.623723072808		75.73457154894258		73.0
MY	7478.456550921941		71.90823606655712		104.0
DA	5561.081650919935		72.22183962233682		77.0
MY	7506.407587949985		75.06407587949985		100.0
DA	5511.115755515946		73.48154340687928		75.0
MY	7299.22606154857		74.4818985872303		98.0
DA	5513.543685882605		73.51391581176807		75.0
MY	7571.528655110399		75.71528655110399		100.0
DA	5523.731937014822		74.64502617587597		74.0
MY	7638.260580259831		77.15414727535183		99.0
DA	5507.05867342889		77.56420666801253		71.0
MY	7008.8186168433685		73.77703807203545		95.0
DA	5554.653356734317		74.06204475645755		75.0
MY	7213.600210723955		77.56559366369844		93.0
DA	5579.094815213309		74.38793086951078		75.0
MY	7173.189265646445		76.31052410262176		94.0
DA	5543.376768450899		75.93666806097123		73.0
MY	7493.711828600871		76.46644723062113		98.0
DA	5550.464959759017		74.00619946345356		75.0
MY	7473.726223311321		76.26251248276857		98.0
DA	5535.349920848988		75.8267112445067		73.0
MY	7784.142281842151		76.31512041021716		102.0
DA	5550.880101236962		73.0378960689074		76.0
MY	7216.147316931491		72.89037693870193		99.0
DA	5512.471313206803		72.53251727903688		76.0
MY	7312.35967217583		77.79106034229606		94.0
DA	5517.4856230859805		72.598495040605		76.0
MY	7520.263921282123		75.96226183113255		99.0
DA	5544.62909982118		73.92838799761573		75.0
MY	7549.079744053419		77.03142595972876		98.0
DA	5517.781454151503		71.65949940456497		77.0
MY	7426.069180346529		79.00073596113329		94.0
DA	5559.037952353554		74.12050603138071		75.0
MY	7296.782042582441		78.46002196325206		93.0
DA	5517.14080734672		72.59395799140421		76.0
MY	7618.104714343373		74.68730112101346		102.0
DA	5523.340262036869		71.73169171476454		77.0
MY	7544.129840551643		74.69435485694696		101.0
DA	5520.412149760993		72.63700197053939		76.0
MY	7499.352028365789		80.63819385339558		93.0
DA	5497.765089596462		79.67775492168785		69.0
MY	7520.510200230718		78.33864791906997		96.0
DA	5530.49128132593		74.73636866656662		74.0
MY	7531.123976280266		74.56558392356699		101.0
DA	5530.126428825769		74.73143822737525		74.0
MY	7519.678191049261		79.99657650052406		94.0
DA	5517.795435940656		75.58623884850213		73.0
MY	7174.167222804491		77.1415830409085		93.0
DA	5555.216928679642		75.07049903621137		74.0
MY	7778.209066193592		80.1877223318927		97.0
DA	5516.126828914013		76.61287262380573		72.0
MY	7467.433119956667		75.42861737329966		99.0
DA	5541.862071407545		71.97223469360448		77.0
MY	7800.576816262893		77.23343382438507		101.0
DA	5488.464717850463		77.30231996972483		71.0
MY	7404.028703487111		78.76626280305437		94.0
DA	5515.3823873685		77.68144207561267		71.0
MY	7841.43842278149		75.39844637289895		104.0
DA	5476.278673284813		72.05629833269491		76.0
MY	7467.024130077122		77.78150135497002		96.0
DA	5552.05797419925		76.05558868766096		73.0
MY	7553.825867183459		79.51395649666799		95.0
DA	5538.624726628995		75.87157159765746		73.0
MY	7219.116861622675		76.7991155491774		94.0
DA	5494.788358405702		74.25389673521218		74.0
MY	7053.160256017318		80.14954836383316		88.0
DA	5549.865034919564		76.02554842355568		73.0
MY	7208.542873041903		78.35372688089025		92.0
DA	5554.609002804513		74.06145337072684		75.0
MY	7621.478297001268		75.4601811584284		101.0
DA	5499.183880151477		73.32245173535303		75.0
MY	7407.788922329561		80.51944480793		92.0
DA	5500.723085293909		79.72062442454941		69.0
MY	7399.441367162362		77.88885649644592		95.0
DA	5532.113866489695		80.17556328245935		69.0
MY	7395.610725823221		77.8485339560339		95.0
DA	5571.8720068662815		76.32701379268879		73.0
MY	8058.241804347044		79.78457232026777		101.0
DA	5548.599644578953		74.98107627809397		74.0
MY	7954.581192013221		78.75822962389327		101.0
DA	5537.728368607301		76.91289400843473		72.0
MY	7523.535958048694		77.56222637163602		97.0
DA	5497.155740207258		75.30350329051038		73.0
MY	7791.144483672436		74.20137603497558		105.0
DA	5517.427489318132		74.55983093673152		74.0
MY	7249.579719850699		74.73793525619277		97.0
DA	5521.56969107205		71.70869728665		77.0
MY	7431.650328126767		78.22789819080808		95.0
DA	5534.141102227419		76.8630708642697		72.0
MY	6910.153382770443		75.93575145901586		91.0
DA	5555.829252925319		74.07772337233759		75.0
MY	7384.6559284468585		73.11540523214711		101.0
DA	5565.344154817289		70.4473943647758		79.0
MY	7389.6098670976635		76.97510278226733		96.0
DA	5555.492605791398		72.1492546206675		77.0
MY	7422.610749797377		79.81301881502556		93.0
DA	5490.877744127778		77.33630625532082		71.0
MY	7327.361620727381		78.78883463147721		93.0
DA	5525.733095820658		77.8272267016994		71.0
MY	6944.621397703115		73.87895103939483		94.0
DA	5547.864299306615		72.99821446456072		76.0
MY	7354.5062074231355		76.60943966065766		96.0
DA	5560.720573106632		74.14294097475509		75.0
MY	7002.390011424955		74.49351075983995		94.0
DA	5522.999954749372		72.67105203617594		76.0
MY	7499.965631473789		73.52907481837047		102.0
DA	5519.7610783575665		70.76616767125086		78.0
MY	7185.291645008429		78.10099614139597		92.0
DA	5526.535396173692		72.71757100228542		76.0
MY	7585.913941559278		76.62539334908362		99.0
DA	5525.446005804942		75.69104117541016		73.0
MY	7863.652270657915		74.89192638721823		105.0
DA	5593.231928749439		72.63937569804466		77.0
MY	7614.862955594891		74.65551917249893		102.0
DA	5524.694941853661		72.69335449807448		76.0
MY	7263.881877161733		77.27533911874184		94.0
DA	5498.163359097556		74.29950485266968		74.0
MY	7565.087469134487		77.19477009320906		98.0
DA	5472.028861113383		77.07082902976596		71.0
MY	7581.547512220678		78.16028363114101		97.0
DA	5529.877611629894		75.7517481045191		73.0
MY	7551.477614977647		76.27755166644089		99.0
DA	5554.607906453214		77.14733203407242		72.0
MY	7128.376905209951		78.33381214516429		91.0
DA	5536.07081794603		79.08672597065757		70.0
MY	7321.793980666082		76.26868729860502		96.0
DA	5543.417524296051		72.9397042670533		76.0
MY	7691.579127568783		76.15424878780973		101.0
DA	5563.553621545957		73.20465291507838		76.0
MY	7225.098109872513		76.0536643144475		95.0
DA	5534.825887359597		73.79767849812796		75.0
MY	7357.905197388657		73.57905197388658		100.0
DA	5568.420552766501		73.26869148376974		76.0
MY	7643.706075790423		79.62193828948357		96.0
DA	5563.978134425176		78.365889217256		71.0
MY	7595.796855050167		75.95796855050168		100.0
DA	5527.95567163063		77.8585305863469		71.0
MY	7637.261316283817		76.37261316283816		100.0
DA	5530.421112327737		73.73894816436983		75.0
MY	7276.984309259382		77.41472669424874		94.0
DA	5537.295208756082		76.90687789939003		72.0
MY	7546.929419647003		76.23161029946468		99.0
DA	5502.407505554537		73.36543340739382		75.0
MY	6917.446238816523		74.38114235286584		93.0
DA	5536.592641331318		70.98195694014511		78.0
MY	7741.749079719171		76.65098098731853		101.0
DA	5552.1929235347125		72.10640160434691		77.0
MY	7758.46609021666		76.81649594273921		101.0
DA	5558.060349495655		72.18260194150201		77.0
MY	7849.945193014384		72.68467771309615		108.0
DA	5501.612248606256		74.34611146765211		74.0
MY	7969.9700923529		76.63432781108557		104.0
DA	5535.5165611645925		71.88982546967003		77.0
MY	7324.868345267579		78.76202521793095		93.0
DA	5582.911881147205		78.63256170629867		71.0
MY	7481.103105948842		77.92815735363378		96.0
DA	5487.10339875271		76.20976942712097		72.0
MY	7453.239118183335		73.79444671468649		101.0
DA	5556.9700894880725		74.09293452650763		75.0
MY	7586.902353160612		79.03023284542304		96.0
DA	5524.116706043703		73.65488941391604		75.0
MY	7713.66715566809		77.91582985523324		99.0
DA	5558.804387356248		76.14800530624997		73.0
MY	7646.959299496654		74.24232329608402		103.0
DA	5515.564468111504		71.63070737807148		77.0
MY	7245.029733300535		73.92887482959729		98.0
DA	5545.930873723752		75.97165580443496		73.0
MY	7495.032712628448		80.59174959815536		93.0
DA	5496.077268520244		76.33440650722561		72.0
MY	7782.232070465254		81.06491740067973		96.0
DA	5514.725611855278		77.67219171627151		71.0
MY	7714.539477194478		76.38157898212354		101.0
DA	5565.205524253234		75.20548005747614		74.0
